10
-156
-26
-86
-36
-24
-22
-33
-15
-40
-81
-83
-25
2
-97
-9
-75
-13
-65
-44
-12
-80
-57
-79
-8
-11
2
-4
-60
-54
-34
15
-101
-34
-64
-32
-14
-76
-46
23
-34
-8
-80
-73
25
-20
-30
-64
-68
-34
-34
-48
-67
-85
-9
-23
-14
-97
-14
-34
-32
-13
-89
-7
-75
-76
-125
28
-87
-26
-3
-71
-16
-48
-66
-91
-83
-34
-2
-34
-78
-38
10
18
-71
-88
-19
-91
-29
-58
-11
-61
-10
-35
-19
-39
-43
-10
-30
-57
-85
-32
-57
25
-50
-22
-11
-33
-100
-48
-21
-29
-59
-18
-49
33
-56
-36
-29
-54
-27
-33
57
-13
-42
2
-42
-98
6
-41
-3
-38
-17
-118
14
-114
-51
-38
-34
-56
-3
-76
-37
-46
-34
-89
-14
-85
-12
-55
2
-12
51
612
1031
205
37
-64
-41
-19
-90
-36
-46
-31
-24
-83
-39
-77
-7
-2
-56
-53
-40
-62
-45
-17
-62
-31
-123
-64
-9
-74
-21
-40
-81
-23
-58
-12
-68
-14
-7
-68
-55
-70
-19
-34
-92
-24
-105
-18
-24
-69
-44
-35
20
-64
-24
-116
-39
18
-69
-6
-58
46
-81
-72
-4
-7
-9
-47
-98
-41
-57
-91
-1
-63
-40
-53
-55
-79
-99
-40
-36
19
-19
-58
-95
-39
-39
-8
-40
-37
-28
-64
-59
-56
-51
-14
-68
-12
-39
-61
-48
-49
-90
-55
-95
47
28
34
66
59
39
55
39
59
37
28
5
50
56
51
93
14
68
62
68
64
12
28
68
50
73
53
40
39
56
16
20
40
77
41
42
50
75
66
34
21
63
30
35
49
74
70
20
34
18
59
67
41
72
30
79
-11
100
31
27
69
72
14
65
58
53
66
41
3
64
63
66
23
52
60
-5
74
5
64
87
23
53
77
65
10
31
51
1
85
43
9
27
70
52
20
2
67
59
31
22
19
77
21
25
122
1053
1306
151
22
77
79
-14
33
46
49
10
7
32
87
52
70
7
-3
85
38
45
19
-3
37
77
89
43
46
17
89
63
2
29
44
45
11
45
-3
93
56
64
73
53
12
55
41
80
22
49
79
55
26
102
27
5
30
100
33
20
56
37
75
34
30
28
88
22
69
31
-3
87
54
29
34
66
24
73
46
27
17
64
42
44
82
62
36
38
58
60
33
47
70
66
50
77
18
100
56
76
66
36
90
39
30
72
14
41
88
61
84
36
78
10
17
43
43
80
66
92
28
34
33
39
36
77
70
73
14
37
9
123
10
79
55
-20
46
64
44
44
0
17
61
11
-9
54
68
26
18
33
45
48
22
20
-25
15
19
56
13
15
11
7
119
8
-2
33
-27
24
93
5
70
-31
34
26
-6
46
38
71
36
68
41
-9
29
27
20
45
78
20
77
59
6
36
74
72
34
29
36
50
-21
57
31
30
65
128
95
19
60
62
24
51
101
57
56
47
78
24
115
63
43
58
17
79
76
59
71
33
63
23
89
90
71
66
99
18
100
38
84
59
97
47
8
90
70
48
43
54
36
102
44
22
101
60
73
20
50
54
24
84
38
27
148
50
16
109
19
71
44
72
54
-7
78
67
121
38
22
84
84
44
50
208
922
1235
298
-13
62
-34
38
38
-5
30
31
18
-4
-40
43
12
35
40
-7
21
-19
78
44
58
27
25
13
47
51
10
-17
4
58
48
67
-60
28
22
16
38
68
68
0
58
25
37
22
76
-37
14
23
22
-22
12
60
21
46
-1
40
25
24
47
45
-5
53
79
26
52
7
41
27
-9
-7
5
58
22
52
-10
18
26
58
29
9
11
41
10
2
-7
86
5
-5
41
42
31
70
-8
44
6
49
5
-28
54
11
17
-21
103
6
-22
65
-27
45
35
-13
48
41
-35
36
5
-9
7
6
67
-7
26
27
-19
33
7
-57
-48
-16
1
-39
-25
-76
-57
-86
-7
-27
-30
-102
-61
-12
-36
-20
-67
-50
-26
-71
-16
-24
-25
-34
-20
-71
-44
-26
-47
-16
-39
-82
-14
11
-14
-28
-84
-78
-38
-24
-19
-98
-7
-73
-71
-37
-36
-50
-61
-58
-61
-80
-43
5
-24
-1
-45
-71
-34
-37
-30
-66
-74
-73
-37
-74
-73
-60
-98
-57
-54
-80
-7
-63
-52
-88
-5
-42
-17
-87
-49
-54
-84
-37
-48
-58
-46
-58
-57
-62
-21
99
936
1295
293
-63
-40
-67
-31
-38
-36
-37
-47
-32
-44
-69
-38
-2
-69
-48
-33
-57
-5
-35
-95
-78
-76
-13
-44
-22
-34
-19
-48
-80
-7
-78
-43
-34
-26
-33
-24
-12
8
-26
-27
10
-68
-50
-46
5
-49
-46
-35
7
-33
13
-82
-45
-61
-1
-6
-49
-70
38
-21
-75
-60
-18
-43
-8
18
-42
-29
-53
-52
-26
-24
-23
-68
4
-22
-65
-26
-10
-32
-47
-17
1
-1
-47
-22
-38
-48
-25
-45
-23
-24
-41
-89
-9
41
-43
-47
-56
-50
3
-13
-21
-88
31
-20
-78
-19
-14
-18
-28
-13
-44
-62
-5
-3
-32
-13
-29
-25
-6
-56
-26
-5
13
-2
-54
-51
16
-27
4
-68
-31
2
-36
-82
-17
3
-4
-61
5
-24
-21
2
0
14
-17
-25
25
25
-6
47
-48
-4
-89
-24
-35
-16
-39
-7
64
117
20
70
68
12
23
75
87
32
74
61
35
71
26
101
49
58
45
30
17
131
44
43
40
111
58
69
69
11
12
99
36
96
85
61
12
75
54
87
87
116
112
55
-12
90
133
66
105
84
36
114
92
89
94
89
87
99
72
44
106
88
105
84
124
75
73
73
91
104
35
170
95
44
68
141
48
144
21
102
112
78
132
108
79
117
69
123
104
30
82
81
118
87
93
60
115
103
43
148
41
106
85
148
84
100
64
83
71
45
100
96
93
84
145
92
65
78
132
52
124
39
60
385
426
485
95
63
79
37
72
75
63
40
74
82
109
83
77
59
82
48
79
99
30
84
87
83
60
78
44
30
111
57
43
63
102
128
102
57
64
106
39
91
67
114
46
57
46
74
60
56
84
116
62
88
41
92
53
85
31
93
132
58
53
-43
59
49
18
162
6
50
53
12
151
60
7
98
61
110
63
69
49
40
31
103
46
31
48
65
44
32
52
44
79
23
34
47
43
64
-3
76
33
56
63
36
53
69
3
98
32
19
57
33
75
-14
47
91
8
54
64
23
43
13
71
41
22
-4
-4
50
80
23
40
31
-27
88
-70
-26
-82
-33
-55
-42
-34
-22
-42
-69
-41
-40
-70
-47
-28
-46
-29
-43
-42
1
3
-73
-14
-48
-67
-14
-1
-46
-53
-15
-1
-14
-4
-27
-72
-26
-83
-46
-38
-37
-118
-60
-12
3
-15
27
-76
-20
2
-6
-65
-55
-65
-50
-3
-58
-58
-45
22
6
-30
-76
-41
-61
-28
-60
7
-107
-50
-45
-20
-74
-103
3
-51
-66
-58
-24
-7
-57
-33
-40
-62
-45
-17
-56
-52
-52
-34
-35
-36
-39
-92
-66
-25
-35
-39
-39
-49
-54
12
-60
-40
-37
-25
-39
-23
-66
-12
-75
-27
-66
-45
-95
-41
1
-34
-63
-72
17
-26
469
478
-10
-11
-75
-69
-56
-38
-56
18
-10
-43
-28
-54
-31
-41
-11
-7
-31
-77
-49
-11
-37
-61
40
-60
11
-44
11
-57
-45
-5
49
-37
-23
-6
-26
15
-32
1
-72
-19
-10
-62
-24
-33
-52
29
5
-10
-25
-28
-15
16
-2
12
-51
19
-11
-37
-38
-15
-55
-22
24
-44
-13
-22
-32
8
-26
-9
-17
-20
16
-50
-9
-13
-43
-51
-43
-46
-16
-67
-25
-34
-58
4
-6
-41
-16
-18
-16
-23
-58
-56
-2
13
-29
-69
-16
-51
13
9
-26
-44
14
26
-12
-47
-17
-31
-1
-33
-28
-9
-17
-31
-47
-9
-40
-6
-42
-27
-16
-20
16
6
-42
-19
-24
-26
12
-11
-16
-106
14
-44
25
-72
-47
4
55
-85
27
22
-26
48
-31
-1
-60
40
-28
57
-3
-5
13
13
-48
-5
27
-7
22
-16
-15
-9
-10
-3
-36
22
-79
-21
10
44
-31
33
39
-41
41
1
-43
7
-9
-60
39
53
-24
-35
-13
-17
20
4
-27
3
-17
-27
55
-13
-48
17
-4
9
13
-29
-15
-4
-66
-20
-21
-1
-8
25
-14
-41
23
-20
-93
-17
6
-31
-16
-57
-8
-30
-67
-30
-49
-36
-86
23
-29
-73
-8
-4
-35
-39
-59
-70
-43
-80
-64
-30
-9
-53
-6
-16
-60
-37
-38
-44
-57
-44
-75
15
18
457
519
3809
3777
550
431
-76
29
57
-42
-1
35
-39
51
-12
-10
64
25
39
-90
20
-9
-14
-3
-2
14
20
16
-25
4
-21
-4
25
-12
-19
45
-13
11
-41
-7
-22
7
8
-31
-25
21
46
-48
23
-6
38
-48
-2
70
-10
2
20
27
-27
5
-25
-23
52
28
-35
17
27
10
40
-7
-30
-9
49
30
-1
-66
47
1
3
32
14
-20
18
20
-35
69
-18
10
-10
32
-25
-34
65
-38
70
12
61
-4
-12
-2
-11
32
-22
13
-5
-62
-1
43
-51
52
-47
9
6
12
-52
1
20
29
-7
-21
20
11
-19
53
3
-28
5
-10
8
-70
-7
85
0
18
-31
51
-56
-89
-59
-55
-66
-85
-65
-43
-42
-31
-43
-66
-95
-45
-39
-45
3
-64
-78
-25
-82
-48
-79
-68
-9
-47
-81
-26
-82
-45
-47
-60
-59
-80
-32
-70
-51
-76
-55
-67
-58
-94
-72
-80
4
-86
-82
-6
-73
-14
-33
-45
-93
16
-95
-65
-68
-96
-75
-37
-77
-36
-34
-27
-41
-105
-85
-58
-59
-87
-75
-69
-47
-51
-98
-55
-42
-50
1164
3535
3279
140
-57
-44
-63
-80
-78
-59
-52
-64
-76
-45
-100
-74
-34
-71
-105
-81
-48
-44
-107
-60
-54
-86
-94
-50
-67
-83
-42
-78
-71
-64
-14
-44
-88
-72
-42
-81
-69
-22
-137
-36
-88
-81
-59
-71
2
-68
62
-3
-10
4
16
-29
30
-6
-7
18
-20
-3
0
19
-15
2
-21
-6
-7
-38
31
-43
-18
11
-10
-7
-7
-21
42
6
20
-2
-31
-13
31
-19
-7
10
4
25
-10
1
19
-44
1
45
-26
1
17
-15
-12
-17
-9
56
-2
31
24
13
-1
1
-22
3
-28
-23
-1
19
-16
-8
10
-36
51
16
62
4
-26
-13
-18
-1
-66
-21
6
0
4
-6
12
-1
44
-2
-56
13
31
-2
-25
11
9
-49
-31
-1
16
-14
53
-8
-20
-17
-26
-36
-44
51
25
3
39
-36
27
-13
-22
7
-71
17
26
-17
27
-25
-10
-11
-18
23
18
9
-42
10
113
33
25
27
99
90
28
26
79
71
90
45
18
60
74
49
64
44
49
22
3
84
0
69
21
65
38
102
45
17
46
80
21
17
76
19
33
54
34
40
45
19
43
4
22
13
36
-15
23
17
34
-8
-47
2
38
-54
-5
17
13
18
-34
-27
-34
-52
37
-80
-9
-48
-23
-39
-101
29
-75
-17
-30
-59
-44
-57
-112
-29
-110
-4
-48
-84
-17
-65
-101
6
-46
-67
-82
-100
-69
-77
-62
-110
-33
-110
-74
-132
-105
-34
-96
-65
-134
-127
-113
-83
-20
-153
-69
-128
-64
-88
-136
-90
-114
25
1680
1647
1914
276
-177
-128
-134
-152
-2
-2
-10
17
-77
29
-31
20
28
-27
-38
19
-26
-28
28
10
-52
-42
11
-39
-11
-31
48
-13
-14
-17
-59
68
-10
-22
5
34
-16
-37
5
-13
4
-18
22
13
-22
3
-25
59
-21
15
-13
0
70
-9
38
-8
44
-6
46
-36
10
10
20
-4
43
23
77
19
-6
9
41
53
61
-47
80
79
-3
68
68
15
24
30
44
-25
72
8
72
23
61
14
44
47
65
17
36
118
47
36
44
87
54
36
24
52
76
27
28
37
76
39
56
37
60
24
110
94
6
11
63
90
55
42
69
1
39
86
-7
129
44
92
94
25
-96
-116
-109
-123
-97
-77
-66
-141
-106
-81
-78
-49
-110
-48
-88
-117
-126
-106
-119
-43
-100
-104
-73
-55
-11
573
1554
2871
863
-2
-83
-73
-92
-59
-83
-112
-131
-64
-86
-142
-92
-90
-103
-64
-73
-110
-95
-65
-96
-84
-43
-58
-71
-109
-97
-61
-75
-75
-131
-37
-68
-104
-99
-56
-50
-47
-74
-95
-72
-28
-64
-85
-83
-57
-84
-53
-92
-38
-56
-86
-82
-57
-114
-56
-78
-50
-87
-69
-99
-66
-80
-50
-41
-50
-105
-93
-111
-18
-5
-70
-48
-91
-67
-20
-57
-106
-39
-70
-57
-104
-29
-80
-63
-60
-53
-24
-58
-62
-74
-78
-96
-82
-57
-27
-39
-86
-112
-92
-89
-50
-57
-46
-32
-77
-2
-18
-29
-63
-6
-45
-23
-93
-48
-13
-23
-48
-58
-29
-95
-59
-46
-25
-88
-5
-33
-5
-43
-49
25
-21
-50
-89
-17
-46
23
-25
-28
-20
-60
-40
-89
-49
-23
-50
-36
-45
-45
-35
-38
-20
-19
-57
-28
9
-4
-8
-12
-41
3
-48
-65
17
-10
-23
-53
9
9
-7
-44
-14
-8
33
-55
-43
22
-17
8
-59
-83
-42
-4
-57
-55
-48
-23
15
-47
22
-14
-12
-19
20
-15
-3
-35
-31
-62
-23
-35
-13
-40
-53
25
-46
15
6
-3
5
14
15
-25
-41
11
-16
-19
-36
-6
0
-26
-30
17
-8
-16
-32
2
-37
-219
-108
-97
-137
-118
-41
-57
-107
-93
-109
-89
-102
-38
-86
-79
-92
-145
-62
-141
-65
-89
-89
-73
-48
-166
-129
-89
-121
-46
-95
-50
-115
-69
-46
-72
-123
-106
-98
-52
-38
-124
-97
-36
-107
-70
-110
-95
-96
-57
-129
-68
-61
-153
-50
-156
-91
-98
-174
-59
-48
-88
-64
-100
-111
-110
-58
-51
-90
-90
-88
-113
-25
-54
-89
-102
-148
-44
-95
-109
-16
-108
-98
-133
-95
-66
-92
-90
-33
-59
-53
-106
-4
-84
-53
-117
-53
-74
-65
-46
-102
-42
-75
-80
-51
-105
-91
-82
-44
-51
-75
-65
-79
-34
-58
-80
-84
-65
-72
-80
-73
-60
-36
-55
-36
-91
-77
-66
-14
-69
-96
-59
-63
-117
-54
-70
-122
-20
-82
-67
-24
-87
-124
-121
-38
-92
-55
-98
-100
-112
-44
-71
-60
-64
-104
-42
-95
-91
-64
-148
-91
-131
-80
-69
-68
-112
-139
-71
-28
-59
607
1919
868
3
-60
-79
-43
-83
-127
-129
-47
-149
-93
-45
-132
-109
-151
-71
-63
-89
-86
-139
-51
-130
-40
-79
-65
-104
-43
-107
-53
-71
-104
-90
-115
-25
-84
-86
-87
-103
-21
-95
-88
-44
-100
-93
-88
-66
-98
-79
-44
-108
-18
-65
-109
-13
-75
-146
-30
-110
-93
-65
-41
-103
-92
-66
-59
-59
-2
-77
-72
-56
-76
-87
-58
-58
-32
-51
-40
-44
-114
-62
-49
-72
-39
-81
-68
73
83
61
63
98
41
44
59
83
64
37
97
67
35
84
93
127
34
95
72
63
115
76
87
67
109
65
54
85
132
42
43
48
113
52
61
79
57
72
90
123
25
60
64
66
91
109
27
68
99
89
76
49
118
118
56
121
69
61
28
122
-7
102
109
66
39
110
47
98
62
75
90
57
65
11
86
103
67
52
69
36
66
711
2610
991
119
65
25
81
88
7
44
76
37
101
77
48
47
67
59
74
61
84
25
44
68
50
53
48
119
56
67
35
54
85
49
50
95
65
80
90
80
64
76
39
106
102
43
62
52
47
85
87
74
54
112
154
78
72
107
95
116
109
113
31
53
101
69
100
116
77
46
111
81
60
119
89
84
91
131
44
103
109
63
73
92
126
41
72
54
113
107
78
82
96
81
75
96
79
85
32
110
44
114
119
96
103
93
69
73
76
82
68
85
38
83
75
49
117
78
100
74
98
105
125
48
30
68
69
67
79
75
68
86
88
44
38
91
73
106
33
71
17
56
89
92
33
102
48
77
67
75
38
108
87
109
51
56
50
126
62
28
71
52
64
94
93
72
113
55
55
50
88
6
107
41
-148
-63
-44
-20
-112
-46
-65
-73
-75
-7
-59
-29
-55
-92
-102
-45
-65
-57
-41
-128
-93
-111
-2
-31
-17
-75
-28
-35
-37
-100
-25
-73
-60
-104
-81
-29
-119
-61
-88
-83
-87
-61
-123
-1
-27
-109
-42
-89
-68
-101
-72
-60
-70
-91
-87
-37
-24
-94
-56
-144
-104
-102
-92
-125
-80
-77
-61
-140
-59
-99
-120
-65
-59
-81
-66
-99
-93
-22
-79
-29
-85
-60
-89
-134
-76
-51
-84
-44
-122
-85
-69
-68
-89
-128
-23
-68
-89
-74
-94
-73
-128
-130
-73
-78
-126
-51
-94
-54
-100
-64
-90
-53
-123
-51
-117
-25
-113
-133
-114
-134
-18
-133
-94
-102
-54
-44
-127
-50
-99
-98
-69
-84
-113
-123
-102
-128
-104
-138
-83
-112
-85
-27
-49
-35
-100
-65
-103
-66
66
438
1630
1678
191
-76
-129
-105
-157
-76
-112
-138
-125
-99
-112
-97
-105
-91
-100
-131
-134
-99
-93
-87
-102
-61
-157
-91
-108
-119
-104
-67
-91
-72
-116
-138
-75
-168
-49
-69
-114
-33
-66
-110
-65
-104
-61
-51
-109
-54
-106
-71
-82
-76
-41
-85
-30
-93
-72
-57
-43
-87
-14
-61
-59
-58
-38
-73
-69
-70
-82
-103
-64
-62
-28
-68
-37
-80
-43
-17
-73
-62
-29
-19
-44
-40
-26
-128
-4
-67
-17
-44
-52
-14
-47
-10
-56
0
-29
-74
-46
-52
-59
-52
-23
-31
-66
-124
38
57
31
53
71
54
79
119
33
97
48
32
44
55
64
75
17
45
54
28
35
61
28
76
92
54
69
51
38
58
23
42
66
60
49
64
23
33
57
51
42
25
62
80
-33
95
29
75
35
51
40
63
52
38
41
69
75
13
64
28
45
-9
28
20
-9
2
58
121
5
83
32
32
14
46
71
18
56
69
57
42
25
20
18
74
45
26
28
52
38
14
49
41
46
23
28
62
-20
43
61
48
13
58
73
61
77
30
-13
65
59
38
55
28
50
85
7
46
51
65
114
115
104
36
66
68
104
37
78
41
58
65
327
1992
2495
435
72
71
7
-3
42
70
-3
25
31
-13
-5
17
52
12
-15
8
7
24
6
35
74
17
-12
20
-11
52
-18
26
88
53
55
4
21
-30
37
11
22
-23
38
62
26
-7
-23
-30
39
49
27
41
-22
50
24
19
40
-12
-20
69
-31
-6
88
-5
32
-3
14
23
-28
-2
39
-1
42
8
45
52
2
32
50
42
5
6
33
13
5
10
106
14
-13
52
-30
14
7
2
52
44
4
21
74
34
33
34
-13
56
-3
-13
73
19
18
25
19
-9
65
55
-39
30
88
34
33
77
33
26
0
55
22
0
-64
45
10
32
-41
27
34
-43
6
29
100
-54
-23
40
27
4
26
-23
-37
-9
5
36
-13
-11
-16
-50
-8
-15
24
-59
-9
-24
25
-58
8
-15
-89
-4
51
-103
-94
-69
60
-30
-77
-32
-49
-90
-16
-78
-25
-116
-47
-56
-35
30
-57
-76
-45
-102
-72
-72
-93
-33
-67
-85
-61
-60
-130
-39
-53
-43
-111
-56
-37
-68
-67
-96
-43
-94
-94
-118
-51
-107
-92
-39
-33
-81
-82
-121
-98
-119
-39
-90
-98
-78
-126
-117
-87
-69
-89
-65
-84
-101
-96
-96
-66
-86
-32
-114
-113
-86
-126
-84
-126
-72
-46
-85
-66
-129
-133
-33
-112
-102
-150
27
-80
-134
-89
-80
-126
-92
-49
-165
-88
-120
-70
-100
-118
-84
367
1438
612
-56
-94
-112
-68
-100
-72
-125
-117
-66
-142
-114
-108
-118
-65
-113
-123
-151
-84
-108
-68
-117
-145
-48
-69
-132
-75
-96
-74
-159
-73
-43
-86
-65
-94
-76
-58
-101
-46
-50
-13
-93
-74
-95
-57
-82
-96
29
-81
-117
4
-41
-43
-26
-72
-61
22
-26
-45
-71
-21
-49
13
-7
-51
-42
-14
-46
3
-30
-54
-45
-39
-16
-22
-48
-52
12
18
18
-63
-47
-7
-10
-37
38
7
14
-8
-39
31
-15
-41
13
-22
12
19
-10
66
-15
-34
44
12
-50
6
19
34
53
-67
58
19
-7
32
-13
-28
14
33
-4
31
37
12
52
-23
21
-22
10
11
37
-25
9
21
-44
-29
26
2
48
-51
44
9
-20
17
10
14
-32
-2
-15
-28
-8
32
-29
-37
36
-32
6
-18
22
10
-24
-16
-38
-26
25
-11
-40
-24
-30
2
-24
14
-31
-20
25
23
7
5
-63
-20
19
11
-10
-7
-8
-8
-67
-20
-37
-48
-20
-25
1
17
21
-23
-41
-37
-32
-18
-46
4
9
-6
20
-2
-44
32
-50
-35
-5
-39
7
7
-19
-20
-17
-14
-26
14
16
-58
16
21
-56
-7
-54
-25
786
1925
305
-16
-68
-32
-13
-3
-15
-1
-7
6
16
0
-30
-46
6
-31
36
36
-30
-44
4
48
-11
6
-33
-3
27
-42
1
43
-38
-26
-14
18
7
4
-38
-38
-38
-16
-23
18
14
-44
-44
10
8
-58
-48
5
24
-29
38
-37
2
-26
-54
-16
1
3
-35
33
20
0
-6
-13
12
-3
-11
-62
-10
9
39
-16
37
-15
-15
10
7
9
-8
20
-48
15
-27
11
39
-25
-7
-31
-31
-9
-32
-14
-23
-2
-40
19
13
-17
-3
39
-6
38
-19
-11
14
1
-7
-16
-7
-49
-39
39
-37
-54
-14
-28
-14
-86
-2
-17
8
11
5
-18
-24
-29
-54
14
29
-53
0
-2
5
38
0
14
53
45
-7
0
-15
138
17
58
-7
88
16
38
47
35
87
79
62
101
95
27
42
110
100
15
47
66
44
27
108
86
111
33
69
79
90
33
92
112
84
72
58
86
82
80
116
75
90
115
100
58
112
98
80
92
103
135
120
60
115
58
129
101
128
109
122
90
147
55
101
119
54
104
160
98
97
112
101
85
66
113
70
67
149
93
114
76
156
145
126
65
109
165
60
157
68
84
95
107
93
103
166
102
151
125
75
151
126
82
134
136
133
25
105
143
138
146
132
109
74
127
78
33
101
81
127
106
53
146
56
170
66
161
79
98
18
56
139
47
84
52
103
98
35
95
88
67
83
93
89
101
97
80
54
76
67
88
47
22
163
387
1011
509
173
62
56
85
106
94
42
113
57
98
22
102
128
112
42
56
72
93
42
120
39
94
115
119
87
109
44
76
127
58
22
69
71
86
151
77
91
105
1
31
41
100
88
119
56
31
100
70
172
61
25
43
84
46
114
52
29
71
77
64
94
41
95
30
78
0
114
46
59
20
75
40
64
27
83
12
129
46
56
83
27
61
48
36
24
32
46
80
19
60
16
11
23
72
31
25
55
-15
63
-43
-55
-48
-49
-87
-100
-47
-18
-83
-55
-99
-60
-44
-80
-38
-61
-33
-25
-69
-77
-20
-81
-77
-72
-3
-72
-24
-63
-51
-7
-71
-102
-53
-34
-79
-64
-69
-58
-92
-52
-66
-71
-30
-50
-81
-82
-46
-73
-69
-13
-58
-49
-69
-19
-56
-66
-33
-64
-26
-62
-72
-62
-71
-78
-63
-25
-21
-94
-111
-43
-41
-101
-30
-30
-63
-74
-134
-85
8
-46
-74
-67
-38
-87
-64
-24
-50
-38
-47
-43
-32
-59
-61
-75
-38
-70
-37
-81
-43
-85
-42
-14
-52
-75
-11
-53
-97
-70
-42
-58
-38
-75
-86
-128
-53
-70
-75
-42
-33
-110
-54
-59
-42
-69
-75
-21
-58
-30
-62
-74
-122
-59
-61
-65
-71
-146
-69
-96
-117
-34
-90
-55
-17
-74
-110
-32
-77
-23
-76
-73
-74
-70
-71
-68
-80
-52
-85
-85
-39
-71
-23
109
348
489
667
32
-13
-99
-94
-96
-37
-57
-84
-67
-112
-35
-54
-71
-85
-80
-98
-62
-71
-89
-70
-63
-42
-59
-74
-46
-63
-87
-48
-29
-32
-44
-48
-40
-132
-95
-62
-65
-86
-77
-94
-58
-98
-34
-69
-46
-4
-115
-105
-66
-74
-32
-61
-82
-56
-8
-92
-49
-48
-57
-47
-29
-74
-94
-49
-37
-25
-74
-42
-70
-75
-21
-56
-25
-84
-84
-65
-66
-71
-51
-68
-35
-41
-47
-61
-45
-65
-9
-101
-71
-25
-24
-32
-27
-2
24
11
29
-33
3
36
39
-8
40
1
-13
86
-46
45
-13
57
-7
2
4
39
9
49
90
-54
-4
9
27
10
2
25
41
36
-24
42
37
15
35
3
68
46
-9
26
41
51
53
14
-11
16
34
7
43
57
47
-5
37
20
34
68
81
1
-1
33
20
55
-21
95
42
-8
42
8
65
-9
44
106
36
12
-1
38
97
3
24
30
-2
40
1
-6
-22
70
30
18
62
16
68
12
2
31
67
-3
36
19
41
34
21
56
41
62
-2
46
16
37
32
34
62
29
21
30
22
57
-44
-23
-16
107
-114
21
-32
53
-16
59
11
73
31
-16
35
44
50
39
-1
41
-28
21
22
13
11
7
10
4
62
-2
9
2
-2
21
23
19
-6
-5
28
28
82
343
651
410
199
346
296
142
77
-14
24
34
-24
37
30
18
-7
26
2
43
14
59
21
9
28
6
-5
55
13
37
21
11
44
50
33
-6
21
-14
41
70
16
0
23
5
63
4
-7
54
27
9
10
41
28
1
23
-13
74
46
-11
25
22
87
14
-17
53
25
-24
21
21
37
-12
33
-14
31
20
-8
42
16
29
33
-42
25
25
4
-4
35
-47
-23
12
0
63
-5
24
-11
-14
-45
22
5
-18
13
-14
18
-33
9
3
1
-53
24
37
-37
38
-16
24
-1
18
-19
28
-74
-48
-28
16
-15
-33
-12
13
-27
40
-21
1
7
-19
-50
-57
-23
34
-27
30
-1
-3
20
-14
27
-27
-2
-39
29
9
4
-10
-21
-22
9
20
-21
141
378
353
266
493
646
161
-2
46
1
-11
-19
0
-1
-14
-27
-3
-21
-47
-10
17
32
-4
29
-11
3
-14
-42
19
-34
32
-24
-14
19
-45
6
21
10
14
-12
-21
-18
-12
-35
-11
-1
-16
-11
59
-35
36
27
13
13
-31
7
8
-1
26
4
24
-31
48
-5
9
57
35
-33
-12
-13
-2
18
-3
2
48
-18
33
-24
-12
-1
-45
20
-53
-21
-12
-11
13
-23
14
7
-8
2
-7
-6
12
4
8
-13
16
31
-20
-33
-30
34
-15
-17
-3
-23
1
-23
0
-49
11
1
48
-24
-17
-16
50
-31
-10
-48
7
-10
-30
-21
25
18
-17
-4
29
-10
0
-35
19
-43
-63
26
-15
-34
-29
61
-49
-54
-35
-36
-29
-7
10
-12
32
14
3
-32
-6
5
-17
-24
-16
31
-19
-52
49
2
-28
-56
-7
-20
-48
18
-30
9
-41
24
-23
57
-35
-2
24
-8
-62
16
17
33
69
-58
7
22
12
-24
-8
52
-7
-19
-19
-8
-36
