5
-88
-33
-21
-43
-91
-34
4
-81
29
-95
-65
-100
-81
-46
3
-51
-74
-63
-71
-103
-71
-58
-74
-89
-115
-95
-26
-85
-124
-69
-19
-131
-64
-49
-128
-44
-56
-69
-105
-46
-93
-69
-92
-101
-76
-105
-17
-100
-80
-68
-32
-95
-76
-138
-39
-122
-103
-105
-104
-75
-83
-92
-51
-168
-88
-75
-120
-69
-141
-71
-91
-78
-61
-76
-67
-109
-136
-68
-95
-110
-104
-99
-125
-95
-115
-80
-79
-163
-109
-86
-100
-107
-21
-98
-25
-234
-81
-95
-120
-95
-102
-84
-89
-88
-93
-82
-80
-75
-53
-89
-64
-167
-57
-104
-38
-165
-21
-110
-55
-167
-64
-99
-83
-116
-63
-58
-31
-215
-51
-42
-12
-18
-135
-22
-34
-54
-54
-18
-36
-65
-102
-57
-39
-90
-124
-47
-51
-131
-54
-66
-20
-98
-84
-55
-77
-48
-38
-64
-32
-157
-21
-123
-74
-84
-72
-84
-20
-20
-97
-57
-57
-68
20
-102
-56
-106
-26
-32
-86
-51
-95
10
-50
-125
-28
-49
-99
-111
-93
-95
-49
-135
-109
14
-90
-40
-62
-41
-48
-86
-70
-48
-17
-26
-24
-26
-76
-45
-71
-31
-66
-30
11
-46
-81
-61
-58
-19
-114
23
-20
-52
-10
-161
5
-74
1
-15
-55
-71
39
-24
-67
-78
49
-65
-23
63
-15
-108
21
-24
1
-78
-45
0
-3
-46
8
-41
-29
-6
-26
-23
50
-173
-43
46
19
51
16
74
61
26
26
12
53
48
49
53
55
64
12
78
35
42
38
52
47
55
51
46
36
56
77
37
74
71
-38
58
75
52
3
42
83
78
12
45
87
61
4
52
23
81
78
28
104
98
37
-2
46
47
27
87
86
37
82
72
50
77
-22
54
84
43
89
38
38
83
68
92
26
51
79
49
97
60
34
24
64
86
68
35
35
37
66
63
53
43
65
41
32
78
13
83
110
49
43
75
33
40
48
42
53
84
43
68
63
35
81
80
67
81
48
21
58
72
51
64
79
71
64
49
82
74
-30
114
81
63
54
107
36
80
99
76
103
64
25
106
51
56
60
114
53
81
108
26
61
103
66
111
92
34
133
61
85
70
11
61
110
50
26
95
88
41
58
48
74
97
111
71
103
64
75
27
72
76
35
76
54
107
60
82
118
103
66
54
94
43
13
55
79
105
77
93
85
121
34
74
71
85
67
58
68
82
79
57
126
111
42
83
89
62
69
79
27
78
106
124
92
80
37
61
91
100
79
113
77
71
68
80
94
58
83
94
76
94
38
80
79
77
100
116
55
115
48
58
64
83
71
79
56
126
72
24
55
-29
74
-34
101
-13
46
50
-6
32
55
42
38
56
21
-3
19
15
84
46
40
57
35
76
56
70
35
47
29
-65
73
39
38
58
54
-7
60
87
23
43
26
90
63
11
89
9
47
40
13
52
46
24
26
-4
20
50
37
26
-2
16
16
0
32
107
67
38
-10
9
23
18
40
10
9
39
33
-19
36
26
36
0
42
-11
77
45
5
38
23
63
65
42
30
25
29
-65
24
26
23
-9
45
15
56
36
33
-6
33
-22
27
35
39
-10
96
5
-14
-1
50
61
5
22
-4
39
0
1
59
0
30
-83
2
33
31
45
-13
49
41
1
14
43
41
9
69
31
62
55
12
-16
87
-17
44
91
-6
84
61
55
4
73
61
19
67
45
32
31
33
66
23
11
28
44
42
22
64
74
-21
28
48
20
86
27
29
63
-9
75
77
60
71
109
40
41
20
81
62
-9
65
21
104
4
63
5
22
48
60
56
61
42
42
62
61
50
67
40
15
79
35
75
39
48
62
79
16
67
73
10
73
13
40
59
47
88
55
8
49
50
-10
1
36
110
86
68
67
39
49
62
12
106
14
53
57
15
47
39
77
68
66
26
99
-11
-75
-54
-49
-53
-28
-48
-83
-48
-73
-76
-40
-71
-86
-64
-63
-36
-21
-39
-58
-54
-71
-79
-35
-52
-89
-67
-49
-21
-42
-101
-56
-56
-90
-43
-34
-18
-7
-40
-46
-43
-50
-77
-12
-80
-87
-44
-35
-55
-74
-44
-9
-91
-61
-20
-38
-15
-62
-24
-15
-56
-30
-51
1
-33
-126
-41
-33
-52
-34
-13
-38
-50
-31
-10
-123
-34
-87
-50
-86
-31
-36
10
-32
-26
-56
4
-8
-42
-48
-52
-22
-21
-73
-74
-60
-65
-98
-90
-8
-78
-44
-25
0
-59
-65
-51
-4
-39
-33
-20
-72
-62
-49
-57
-60
-30
-70
-5
-54
-99
-11
-15
-23
-21
-107
-5
-27
-114
-143
-37
-51
-53
-54
6
-52
-53
-58
-69
-61
-88
-103
-23
-46
-48
-14
-83
-2
-67
-31
-41
-82
-7
-10
-47
-71
-52
-42
-74
-44
-67
-88
-54
-52
-18
-42
-61
-56
-25
-30
-38
-68
-42
-70
-50
-61
-47
-87
-9
-18
-17
-45
-9
-77
-65
-63
-30
-25
-19
-49
-51
-81
-15
-93
-21
-15
-57
-42
-27
-41
-23
-71
-80
-4
-52
-25
-65
-29
-2
-24
5
-22
-81
-47
-11
-64
-62
-44
-30
21
-32
-51
-59
-45
-47
-112
-4
-21
-51
-42
-16
-63
-79
-30
-20
-18
-102
-22
9
-26
-51
-50
-7
-50
20
-76
20
-48
-49
-37
5
-54
-62
-20
-44
14
-12
-98
-79
-47
11
-55
-79
-5
-17
-36
-50
-47
-61
-75
-32
-98
-25
-6
-18
-44
-19
-67
-51
-48
-36
-67
-30
-57
-29
-53
-76
-67
-74
-32
-26
-73
-76
-105
-20
-74
-39
-42
-61
-98
-55
-79
-59
-92
-33
-57
-47
-27
-50
-61
-55
-123
-73
-46
-39
-102
-57
-15
-109
-135
-90
-36
-105
-27
-118
-35
-79
-108
-46
-74
-77
-33
-62
-74
-75
31
-82
-46
-49
-80
-84
-86
-39
-134
-17
-109
-82
-49
-46
-66
-59
-70
-115
-49
-85
-87
-34
-88
-83
-43
-22
-96
-80
-102
-80
-45
-122
-64
-94
-56
-50
-52
-70
-58
-102
-7
-66
46
-133
-148
-101
-98
0
-142
-61
-131
-62
-56
-26
-57
9
-46
-82
-52
-62
-85
-66
-79
-92
-58
-68
-42
-42
-110
-45
-27
-101
-53
-57
-97
-40
-35
-30
-75
-66
-37
-62
-28
-18
-50
-101
-32
-14
-60
-57
-34
-86
-13
-25
-104
-21
-33
-39
-45
-52
-60
-23
-61
-55
-49
-54
-54
-51
-65
-54
-32
-90
-67
-105
15
-63
-59
-68
-62
-101
-33
-36
-35
-27
-59
-20
-56
-35
11
-78
-17
-35
-22
-76
-66
-36
-19
-33
-45
-19
12
-38
-64
13
-24
-51
-5
-20
-6
-50
-56
-69
-25
-23
-44
-22
21
-63
15
32
-53
-38
-47
-24
-41
-15
-15
-5
-32
17
-5
-34
17
-56
-16
46
7
-46
14
-7
47
32
55
32
29
39
42
27
27
-42
10
45
24
38
38
0
-12
58
28
64
56
38
2
55
22
-3
21
60
25
-24
33
13
36
39
76
-6
-8
20
78
20
39
18
35
27
48
15
45
58
27
67
16
33
-3
45
-3
9
30
34
25
49
43
10
75
23
32
67
13
61
15
29
49
-14
47
15
63
4
41
-8
20
29
-19
22
29
3
82
3
-6
40
16
15
-9
6
53
4
42
37
52
15
-11
25
-22
35
50
47
10
19
51
16
1
41
12
0
17
12
38
36
-13
58
-3
4
56
-6
34
11
27
14
-11
16
7
46
49
12
8
-12
-35
23
32
-10
-44
5
41
30
22
14
14
14
13
2
45
13
23
21
36
26
26
-25
-26
-45
46
9
8
78
46
25
17
-37
-30
-10
31
10
0
8
21
14
17
5
2
17
22
-39
39
-5
74
7
9
25
10
34
21
-41
46
32
41
14
14
90
19
38
11
8
-78
36
47
47
-3
-4
7
14
46
10
100
-7
-9
14
18
14
25
56
10
25
16
17
-16
34
36
17
-27
42
21
44
43
20
4
61
30
20
-17
41
27
29
32
19
-23
67
19
-3
44
11
33
12
23
19
22
17
181
64
117
77
80
38
44
141
118
100
34
108
95
71
109
79
126
67
91
91
118
132
64
96
42
133
118
79
45
109
115
119
107
117
114
96
65
84
162
89
113
112
54
99
125
99
139
103
76
149
97
66
136
122
129
96
104
141
101
92
156
79
188
97
93
158
55
109
91
114
84
96
54
133
124
76
87
110
103
79
83
114
75
118
73
109
70
91
105
122
90
77
69
53
109
40
103
102
65
94
98
110
87
106
83
37
115
66
68
88
32
100
61
99
98
92
84
68
67
80
74
46
87
87
-22
217
-11
88
98
-18
97
84
72
8
88
116
74
85
72
66
92
86
44
87
75
96
71
115
2
91
93
120
100
75
76
38
127
91
61
99
91
42
143
62
69
80
57
74
88
107
66
105
111
61
44
106
87
78
124
88
70
98
106
131
81
99
94
129
78
73
88
169
57
134
96
88
111
64
78
104
90
68
89
35
52
113
114
105
32
82
110
93
28
94
75
95
84
69
74
100
29
88
78
74
63
70
89
23
14
100
74
51
81
9
49
83
108
24
67
31
100
46
80
26
34
69
30
41
18
63
9
130
37
27
34
181
-60
-75
-103
-54
-58
-92
-98
-94
-103
-78
-101
-80
-78
-87
-84
-57
-100
-91
-113
-96
-64
-58
-84
-63
-119
-5
-101
-77
-94
-98
-102
-70
-17
-93
-111
-115
-67
-73
-77
-114
-82
-57
-53
-70
-89
-89
-87
-50
-74
-85
-97
-66
-88
-124
-58
-80
-108
-73
-87
-43
-103
-64
-100
-74
-91
-97
-133
-101
-155
-77
-83
-104
-73
-85
-91
-46
-113
-95
-98
-82
-93
-72
-120
-60
-31
-104
-57
-101
-89
-45
-76
-76
-78
-106
-77
-102
-115
-81
-111
-67
-71
-80
-105
-54
-100
-72
-88
-42
-116
-32
-118
-112
-23
-117
-132
-26
-30
-79
-101
-84
-81
-111
-78
-52
-130
-58
-95
-99
-52
-55
-84
-54
-37
-97
-3
-94
-88
-73
-63
-61
-39
-80
-69
-101
-51
-46
-62
-94
-117
-70
-62
-44
-126
-112
-86
-56
-74
-43
-79
-80
-108
-58
-103
-34
-99
-41
-33
-131
-58
-119
-57
-33
-107
-117
-87
-77
-119
-76
-86
-67
-72
-89
-75
-93
-88
-50
-40
-116
-142
-111
-33
-128
-138
-80
-89
-94
-134
-41
-92
-138
-79
-84
-117
-86
-25
-112
-97
-70
-105
-92
-72
-57
-107
-47
-99
-77
-32
-94
-104
-69
-70
-98
-100
-114
-78
-132
-80
-80
-87
-78
-113
-68
-99
-72
-104
-24
-60
-93
-28
-84
-63
-84
-104
-62
-24
-84
-79
-87
-52
-102
-43
-56
-77
-90
-41
-88
-59
-12
-52
38
-83
-27
-9
-11
-21
12
8
-20
-30
-18
35
-14
-58
-55
27
5
-21
34
21
-40
-25
7
-80
3
-10
-67
-43
-26
5
-41
-24
58
-90
-43
-37
11
10
-41
-32
-16
-17
-28
-37
-24
-58
-4
20
-56
22
-44
-45
43
-29
-22
5
-42
25
-19
-104
-11
7
-57
-88
-4
-28
-57
-19
-13
13
-41
-45
-56
-8
-46
-27
-12
-29
-51
-36
-69
28
-21
-88
-10
-34
-24
-17
-81
22
-70
-30
-29
-43
-30
-24
-40
-50
-43
-56
15
-42
-5
-50
-25
-8
3
-35
-35
-86
-40
-31
-61
-61
-34
-76
5
-1
-16
7
-38
-24
-81
-2
-10
-58
-12
17
-14
-1
-14
41
-111
1
-12
-67
6
-65
-16
-69
-25
2
-65
-18
-35
-36
-46
-27
-22
26
-70
-8
-38
-86
-7
-8
-21
-39
-25
-18
-100
-13
-19
-22
10
-57
-2
7
-29
-14
-4
-50
-43
-30
-35
-27
-44
-62
26
-34
-27
4
-31
10
-59
-34
-10
-44
-9
4
19
-70
19
-82
6
16
-68
-11
-14
-12
-21
-4
-18
20
-3
-37
-23
11
1
8
-28
-7
30
-62
-35
40
-6
-36
34
-29
6
-13
45
-77
-29
-21
9
8
7
-10
0
3
-41
2
-17
-17
-8
-15
36
-39
36
32
-42
56
55
-20
9
4
-55
7
48
8
-60
-19
3
-19
-23
49
-15
-22
23
11
-38
-29
-24
6
-31
-14
-15
15
-16
39
-30
17
-20
34
29
10
-19
-3
-20
-9
-7
-34
11
-4
-1
-30
-13
-8
-12
11
33
-22
14
26
-26
-9
32
-9
27
-34
17
-9
3
-20
-27
-12
-39
-8
8
47
-29
44
-9
-13
0
32
-11
-7
-49
-11
-13
-36
2
32
-21
-3
-13
-20
-26
9
-51
-11
-23
-39
3
-54
-26
-23
-2
10
-24
36
-41
4
18
5
23
-68
1
-7
7
-30
-59
0
16
-34
-9
37
-29
-12
50
-38
65
-26
-27
-39
34
30
-1
12
-4
-15
-9
7
-49
-1
-17
-3
2
-66
-21
24
-11
-74
-30
-8
-21
-15
-24
-23
-4
-23
-77
-16
-18
-35
4
-59
16
-33
-39
25
-37
-16
10
-5
-34
-69
0
-33
-50
-13
-12
9
-28
-26
-24
-2
-16
-14
-57
-53
-55
-8
-24
-19
-12
16
-3
-10
-6
-29
-31
15
-31
-30
1
-20
-12
-17
-43
-24
-1
-3
-77
-60
-33
-35
-32
46
-32
-23
-16
-18
-32
-21
-10
-54
32
-44
-25
19
-34
-56
-30
5
15
-46
-15
-29
2
-59
-3
-28
-55
-9
-31
-24
-33
-16
-6
-44
17
-21
6
-8
-47
-41
6
8
11
-48
-29
-22
17
-33
51
-32
-13
-71
13
-44
-31
25
-62
-42
21
